aMotion Through Fluids Experiment Thu, Feb 15, 2024 10:37 AM
Time(sec)	Position(mm)
0.080	10.866
0.191	10.226
0.302	9.583
0.413	9.154
0.524	8.725
0.635	8.296
0.746	7.867
0.857	7.437
0.968	7.007
1.079	6.577
1.190	6.147
1.301	5.717
1.412	5.286
1.523	5.071
1.634	4.640
1.745	4.424
1.856	3.993
1.967	3.777
2.078	3.561
2.189	3.345
2.300	3.130
2.411	2.914
2.522	2.914
2.633	27.830
2.744	2.698
2.855	28.668
2.966	28.878
3.077	29.298
3.188	29.717
3.299	30.136
3.410	30.556
3.521	30.765
3.632	31.184
3.743	31.603
3.854	32.022
3.965	32.231
4.076	32.649
4.187	33.067
4.298	33.276
4.409	33.694
4.520	34.112
4.631	34.321
4.742	34.738
4.853	35.156
4.964	35.364
5.075	35.782
5.186	36.199
5.297	36.407
5.408	36.824
5.519	37.240
5.630	37.448
5.741	37.865
5.852	38.073
5.963	38.489
6.074	38.697
6.185	39.113
6.296	39.321
6.407	39.736
6.518	40.152
6.629	40.359
6.740	40.775
6.851	40.982
6.962	41.397
7.073	41.604
7.184	42.019
7.295	42.434
7.406	42.641
7.517	43.055
7.628	43.263
7.739	43.677
7.850	43.884
7.961	44.298
8.072	44.505
8.183	44.918
8.294	45.125
8.405	45.539
8.516	45.952
8.627	46.159
8.738	46.572
8.849	46.778
8.960	47.191
9.071	47.398
9.182	47.810
9.293	48.016
9.404	48.429
9.515	48.635
9.626	49.047
9.737	49.253
9.848	49.666
9.959	50.077
10.070	50.283
10.181	50.695
10.292	50.901
10.403	51.312
10.514	51.518
10.625	51.929
10.736	52.135
10.847	52.546
10.958	52.752
11.069	53.162
11.180	53.573
11.291	53.778
11.402	54.189
11.513	54.394
11.624	54.805
11.735	55.010
11.846	55.420
11.957	55.625
12.068	56.035
12.179	56.241
12.290	56.650
12.401	56.856
12.512	57.264
12.623	57.675
12.734	57.878
12.845	58.289
12.956	58.492
13.067	58.901
13.178	59.105
13.289	59.514
13.400	59.719
13.511	60.127
13.622	60.333
13.733	60.740
13.844	61.150
13.955	61.353
14.066	61.763
14.177	61.965
14.288	62.375
14.399	62.577
14.510	62.986
14.621	63.190
14.732	63.596
14.843	63.802
14.954	64.209
15.065	64.413
15.176	64.820
15.287	65.227
15.398	65.431
15.509	65.838
15.620	66.041
15.731	66.448
15.842	66.652
15.953	67.058
16.064	67.465
16.175	67.668
16.286	67.871
16.397	68.277
16.508	68.684
16.619	68.887
16.730	69.293
16.841	69.496
16.952	69.902
17.063	70.104
17.174	70.510
17.285	70.713
17.396	71.119
17.507	71.524
17.618	71.727
17.729	72.132
17.840	72.335
17.951	72.740
18.062	72.942
18.173	73.347
18.284	73.550
18.395	73.954
18.506	74.359
18.617	74.561
18.728	74.966
18.839	75.168
18.950	75.572
19.061	75.775
19.172	76.179
19.283	76.381
19.394	76.785
19.505	76.987
19.616	77.391
19.727	77.795
19.838	77.997
19.949	78.400
20.060	78.602
20.171	79.006
20.282	79.207
20.393	79.611
20.504	79.812
20.615	80.216
20.726	80.417
20.837	80.820
20.948	81.223
21.059	81.425
21.170	81.827
21.281	82.029
21.392	82.432
21.503	82.633
21.614	83.035
21.725	83.237
21.836	83.639
21.947	83.840
22.058	84.243
22.169	84.645
22.280	84.846
22.391	85.248
22.502	85.449
22.613	85.851
22.724	86.052
22.835	86.454
22.946	86.654
23.057	87.056
23.168	87.257
23.279	87.658
23.390	87.859
23.501	88.261
23.612	88.662
23.723	88.862
23.834	89.264
23.945	89.665
24.056	89.865
24.167	90.266
24.278	90.467
24.389	90.868
24.500	91.068
24.611	91.469
24.722	91.669
24.833	92.070
24.944	92.270
25.055	92.670
25.166	92.871
25.277	93.271
25.388	93.671
25.499	93.871
25.610	94.271
25.721	94.472
25.832	94.872
25.943	95.072
26.054	95.472
26.165	95.671
26.276	96.071
26.387	96.471
26.498	96.671
26.609	97.070
26.720	97.270
26.831	97.670
26.942	97.869
27.053	98.269
27.164	98.668
27.275	98.868
27.386	99.267
27.497	99.467
27.608	99.866
27.719	100.065
27.830	100.464
27.941	100.664
28.052	101.063
28.163	101.262
28.274	101.661
28.385	102.059
28.496	102.259
28.607	102.657
28.718	102.857
28.829	103.255
28.940	103.454
29.051	103.853
29.162	104.052
29.273	104.450
29.384	104.849
29.495	105.048
29.606	105.446
29.717	105.645
29.828	106.043
29.939	106.242
30.050	106.640
30.161	107.038
30.272	107.237
30.383	107.634
30.494	107.833
30.605	108.231
30.716	108.430
30.827	108.827
30.938	109.026
31.049	109.424
31.160	109.622
31.271	110.020
31.382	110.218
31.493	110.616
31.604	111.013
31.715	111.212
31.826	111.609
31.937	111.807
32.048	112.204
32.159	112.601
32.270	112.801
32.381	113.197
32.492	113.395
32.603	113.792
32.714	113.991
32.825	114.389
32.936	114.586
33.047	114.984
33.158	115.379
33.269	115.579
33.380	115.974
33.491	116.172
33.602	116.569
33.713	116.767
33.824	117.163
33.935	117.361
34.046	117.758
34.157	118.154
34.268	118.352
34.379	118.748
34.490	118.946
34.601	119.344
34.712	119.541
34.823	119.938
34.934	120.333
35.045	120.532
35.156	120.927
35.267	121.126
35.378	121.520
35.489	121.718
35.600	122.114
35.711	122.312
35.822	122.709
35.933	123.103
36.044	123.301
36.155	123.697
36.266	123.894
36.377	124.291
36.488	124.687
36.599	124.885
36.710	125.279
36.821	125.478
36.932	125.872
37.043	126.071
37.154	126.465
37.265	126.861
37.376	127.057
37.487	127.454
37.598	127.652
37.709	128.047
37.820	128.244
37.931	128.638
38.042	128.837
38.153	129.232
38.264	129.428
38.375	129.824
38.486	130.218
38.597	130.417
38.708	130.810
38.819	131.009
38.930	131.402
39.041	131.798
39.152	131.996
39.263	132.390
39.374	132.588
39.485	132.982
39.596	133.180
39.707	133.573
39.818	133.772
39.929	134.166
40.040	134.561
40.151	134.758
40.262	135.151
40.373	135.350
40.484	135.743
40.595	135.941
40.706	136.334
40.817	136.730
40.928	136.927
41.039	137.321
41.150	137.519
41.261	137.913
41.372	138.110
41.483	138.503
41.594	138.701
41.705	139.095
41.816	139.489
41.927	139.686
42.038	140.079
42.149	140.278
42.260	140.670
42.371	140.869
42.482	141.261
42.593	141.657
42.704	141.854
42.815	142.248
42.926	142.445
43.037	142.838
43.148	143.035
43.259	143.429
43.370	143.626
43.481	144.020
43.592	144.414
43.703	144.611
43.814	145.004
43.925	145.201
44.036	145.594
44.147	145.792
44.258	146.186
44.369	146.579
44.480	146.776
44.591	147.170
44.702	147.367
44.813	147.760
44.924	147.957
45.035	148.351
45.146	148.548
45.257	148.941
45.368	149.335
45.479	149.531
45.590	149.925
45.701	150.122
45.812	150.514
45.923	150.909
46.034	151.105
46.145	151.499
46.256	151.696
46.367	152.089
46.478	152.286
46.589	152.679
46.700	152.876
46.811	153.269
46.922	153.663
47.033	153.859
47.144	154.253
47.255	154.449
47.366	154.843
47.477	155.039
47.588	155.431
47.699	155.826
47.810	156.023
47.921	156.416
48.032	156.613
48.143	157.006
48.254	157.203
48.365	157.596
48.476	157.792
48.587	158.186
48.698	158.579
48.809	158.776
48.920	159.169
49.031	159.365
49.142	159.759
49.253	159.955
49.364	160.348
49.475	160.545
49.586	160.938
49.697	161.331
49.808	161.528
49.919	161.921
50.030	162.118
50.141	162.511
50.252	162.708
50.363	163.101
50.474	163.297
50.585	163.691
50.696	164.084
50.807	164.280
50.918	164.673
51.029	164.870
51.140	165.263
51.251	165.656
51.362	165.853
51.473	166.246
51.584	166.443
51.695	166.836
51.806	167.032
51.917	167.426
52.028	167.622
52.139	168.015
52.250	168.212
52.361	168.605
52.472	168.802
52.583	169.195
52.695	169.588
52.805	169.785
52.916	170.178
53.027	170.571
53.138	170.768
53.249	171.161
53.360	171.357
53.471	171.554
53.582	171.947
53.693	172.340
53.804	172.537
53.915	172.930
54.026	173.127
54.137	173.520
54.248	173.717
54.359	174.110
54.470	174.503
54.581	174.700
54.692	175.093
54.803	175.290
54.914	175.683
55.025	175.879
55.136	176.273
55.247	176.469
55.358	176.863
55.469	177.256
55.580	177.453
55.691	177.846
55.802	178.043
55.913	178.436
56.024	178.633
56.135	179.026
56.246	179.222
56.357	179.616
56.468	180.009
56.579	180.206
56.690	180.600
56.801	180.796
56.912	181.190
57.023	181.386
57.134	181.780
57.245	181.977
57.356	182.370
57.467	182.764
57.578	182.960
57.689	183.354
57.800	183.551
57.911	183.944
58.022	184.141
58.133	184.535
58.244	184.928
58.355	185.125
58.466	185.519
58.577	185.715
58.688	186.109
58.799	186.306
58.910	186.700
59.021	186.896
59.132	187.290
59.243	187.684
59.354	187.881
59.465	188.275
59.576	188.471
59.687	188.865
59.798	189.062
59.909	189.456
60.020	189.653
60.131	190.047
60.242	190.244
60.353	190.638
60.464	191.032
60.575	191.229
60.686	191.622
60.797	191.819
60.908	192.214
61.019	192.608
61.130	192.805
61.241	193.199
61.352	193.396
61.463	193.790
61.574	193.987
61.685	194.381
61.796	194.578
61.907	194.972
62.018	195.169
62.129	195.564
62.240	195.958
62.351	196.155
62.462	196.549
62.573	196.747
62.684	197.141
62.795	197.338
62.906	197.733
63.017	197.930
63.128	198.324
63.239	198.522
63.350	198.916
63.461	199.113
63.572	199.508
63.683	199.903
63.794	200.100
63.905	200.494
64.016	200.692
64.127	201.087
64.238	201.284
64.349	201.679
64.460	201.876
64.571	202.271
64.682	202.666
64.793	202.863
64.904	203.258
65.015	203.456
65.126	203.851
65.237	204.048
65.348	204.443
65.459	204.641
65.570	205.036
65.681	205.233
65.792	205.628
65.903	205.826
66.014	206.221
66.125	206.616
66.236	206.814
66.347	207.209
66.458	207.407
66.569	207.802
66.680	208.000
66.791	208.396
66.902	208.791
67.013	208.989
67.124	209.187
67.235	209.582
67.346	209.978
67.457	210.176
67.568	210.571
67.679	210.769
67.790	211.165
67.901	211.363
68.012	211.759
68.123	212.154
68.234	212.352
68.345	212.748
68.456	212.946
68.567	213.144
68.678	213.540
68.789	213.936
68.900	214.134
69.011	214.531
69.122	214.729
69.233	215.125
69.344	215.323
69.455	215.719
69.566	215.918
69.677	216.314
69.788	216.512
69.899	216.909
70.010	217.107
70.121	217.503
70.232	217.900
70.343	218.098
70.454	218.495
70.565	218.693
70.676	219.090
70.787	219.289
70.898	219.487
71.009	219.884
71.120	220.281
71.231	220.479
71.342	220.876
71.453	221.273
71.564	221.472
71.675	221.869
71.786	222.068
71.897	222.465
72.008	222.664
72.119	223.061
72.230	223.260
72.341	223.657
72.452	223.856
72.563	224.253
72.674	224.452
72.785	224.850
72.896	225.048
73.007	225.446
73.118	225.645
73.229	226.043
73.340	226.242
73.451	226.640
73.562	226.839
73.673	227.237
73.784	227.635
73.895	227.834
74.006	228.033
74.117	228.431
74.228	228.630
74.340	229.028
74.450	229.227
74.561	229.626
74.672	230.024
74.783	230.223
74.894	230.622
75.005	230.821
75.116	231.220
75.227	231.419
75.339	231.818
75.449	232.017
75.560	232.416
75.671	232.616
75.782	233.015
75.893	233.214
76.004	233.613
76.115	233.813
76.226	234.212
76.340	234.412
76.448	234.811
76.559	235.011
76.670	235.410
76.781	235.809
76.892	236.009
77.003	236.409
77.114	236.609
77.225	237.008
77.336	237.208
77.447	237.608
77.558	237.808
77.669	238.208
77.780	238.408
77.891	238.808
78.002	239.008
78.113	239.408
78.224	239.608
78.335	240.008
78.446	240.208
78.557	240.609
78.668	240.809
78.779	241.210
78.890	241.610
79.001	241.810
79.112	242.011
79.223	242.412
79.334	242.612
79.445	243.013
79.556	243.213
79.667	243.614
79.778	243.815
79.889	244.216
80.000	244.617
80.111	244.818
80.222	245.219
80.333	245.420
80.444	245.821
80.555	246.022
80.666	246.424
80.777	246.624
80.888	247.026
80.999	247.227
81.110	247.629
81.221	247.830
81.332	248.232
81.443	248.433
81.554	248.835
81.665	249.036
81.776	249.438
81.887	249.639
81.998	250.042
82.109	250.243
82.220	250.645
82.331	250.847
82.442	251.249
82.553	251.451
82.664	251.854
82.775	252.055
82.886	252.458
82.997	252.659
83.108	253.062
83.219	253.264
83.330	253.667
83.441	253.869
83.552	254.272
83.663	254.474
83.774	254.877
83.885	255.079
83.996	255.483
84.107	255.685
84.218	256.089
84.329	256.290
84.440	256.694
84.551	256.896
84.662	257.301
84.773	257.503
84.884	257.907
84.995	258.109
85.106	258.513
85.217	258.716
85.328	259.120
85.439	259.322
85.550	259.727
85.661	259.930
85.772	260.334
85.883	260.537
85.994	260.942
86.105	261.144
86.216	261.550
86.327	261.752
86.438	262.158
86.549	262.360
86.660	262.766
86.771	262.969
86.882	263.374
86.993	263.577
87.104	263.983
87.215	264.186
87.326	264.592
87.437	264.795
87.548	265.202
87.659	265.404
87.770	265.810
87.881	266.014
87.992	266.420
88.103	266.623
88.214	267.031
88.325	267.233
88.436	267.437
88.547	267.844
88.658	268.251
88.769	268.454
88.880	268.862
88.991	269.065
89.102	269.269
89.213	269.676
89.324	269.880
89.435	270.287
89.546	270.696
89.657	270.899
89.768	271.103
89.879	271.511
89.990	271.715
90.101	272.123
90.212	272.327
90.323	272.735
90.434	272.940
90.545	273.348
90.656	273.552
90.767	273.961
90.878	274.165
90.989	274.574
91.100	274.778
91.211	275.187
91.322	275.392
91.433	275.802
91.544	276.006
91.655	276.415
91.766	276.620
91.877	277.030
91.988	277.234
92.099	277.440
92.210	277.849
92.321	278.054
92.432	278.464
92.543	278.669
92.654	279.079
92.765	279.285
92.876	279.694
92.987	279.900
93.098	280.310
93.209	280.516
93.320	280.926
93.431	281.132
93.542	281.544
93.653	281.748
93.764	282.160
93.875	282.365
93.986	282.777
94.097	282.982
94.208	283.395
94.319	283.600
94.430	283.806
94.541	284.218
94.652	284.424
94.763	284.836
94.874	285.042
94.985	285.454
95.096	285.660
95.207	286.073
95.318	286.279
95.429	286.692
95.540	286.898
95.651	287.312
95.762	287.517
95.873	287.725
95.984	288.137
96.095	288.344
96.206	288.757
96.317	288.964
96.428	289.378
96.539	289.584
96.650	289.999
96.761	290.205
96.872	290.620
96.983	290.826
97.094	291.034
97.205	0.000
97.316	0.000
97.427	0.000
97.538	0.000
97.649	0.000
97.760	0.000
97.871	0.000
97.982	0.000
98.093	0.000
98.204	0.000
98.315	0.000
98.426	0.000
98.537	0.000
98.648	0.000
98.759	0.000
98.870	0.000
98.981	0.000
99.092	0.000
99.203	0.000
99.314	0.000
99.425	0.000
99.536	0.000
99.647	0.000
99.758	0.000
99.869	0.000
99.980	0.000
100.091	0.000
100.202	0.000
100.313	0.000
100.424	0.000
100.535	0.000
100.646	0.000
100.757	0.000
100.868	0.000
100.979	0.000
101.090	0.000
101.201	0.000
101.312	0.000
101.423	0.000
101.534	0.000
101.645	0.000
101.756	0.000
101.867	0.000
101.978	0.000
102.089	0.000
102.200	0.000
102.311	0.000
102.422	0.000
102.533	0.000
102.644	0.000
102.755	0.000
102.866	0.000
102.977	0.000
103.088	0.000
103.199	0.000
103.310	0.000
103.421	0.000
103.532	0.000
103.643	0.000
103.754	0.000
103.865	0.000
103.976	0.000
104.087	0.000
104.198	0.000
104.309	0.000
104.420	0.000
104.531	0.000
104.642	0.000
104.753	0.000
104.864	0.000
104.975	0.000
105.087	0.000
105.197	0.000
105.308	0.000
105.419	0.000
105.530	0.000
105.641	0.000
105.752	0.000
105.863	0.000
105.974	0.000
106.085	0.000
106.196	0.000
106.307	0.000
106.418	0.000
106.529	0.000
106.640	0.000
106.751	0.000
106.862	0.000
106.973	0.000
107.084	0.000
107.195	0.000
107.306	0.000
107.417	0.000
107.528	0.000
107.639	0.000
107.750	0.000
107.861	0.000
107.972	0.000
108.083	0.000
108.194	0.000
108.305	0.000
108.416	0.000
108.527	0.000
108.638	0.000
108.749	0.000
108.860	0.000
108.971	0.000
109.082	0.000
109.193	0.000
109.304	0.000
109.415	0.000
109.526	0.000
109.637	0.000
109.748	0.000
109.859	0.000
109.970	0.000
110.081	0.000
110.192	0.000
110.303	0.000
110.414	0.000
110.525	0.000
110.636	0.000
110.747	0.000
110.858	0.000
110.969	0.000